patterns 401
patterns_prediction 49
input_variables 4
values_to_predict 1
layers 2
neurons_per_layer 3 2
epochs 1
repetitions 1
learning_rate 0.1
momentum 0.4
# height over sea level, fall, net fall, flow, power
1.102670356 1.188669958 1.039953431 0.304405994 0.307781563
1.463410574 1.560930831 1.092813603 0.304405994 0.327401454
-0.881400841 -0.795480497 0.731382174 0.836248415 0.649600213
-1.151956005 -1.074676152 0.691737044 0.836248415 0.586509018
1.643780682 1.703320615 1.089840218 1.102169626 1.458587428
0.741930138 0.791281475 0.972556711 0.747608012 0.866580603
-0.971585896 -0.883892454 0.721470891 0.747608012 0.553779699
0.922300247 1.100258 1.015769902 0.21576559 0.173971366
-1.151956005 -1.060716369 0.701648327 0.570327205 0.360327137
-0.069735352 -0.046305489 0.853621323 0.747608012 0.73219514
-1.87343644 -1.809891377 0.592690296 0.658967608 0.305939606
-1.87343644 -1.805238116 0.595927982 0.570327205 0.241238771
-1.242141059 -1.158434849 0.685195598 0.658967608 0.42340727
0.561560029 0.619110822 0.955377155 0.481686801 0.496961116
-0.25010546 -0.232435926 0.827191236 0.747608012 0.701003552
-0.340290515 -0.334807666 0.807038296 0.924888819 0.856889583
-0.25010546 -0.109589838 0.843974341 0.21576559 0.09768224
0.200819812 0.246849948 0.902516982 0.481686801 0.45639933
1.463410574 1.5264967 1.071339158 0.924888819 1.212813314
-0.340290515 -0.320847884 0.817346029 0.658967608 0.589991037
1.19285541 1.237994523 1.023765003 1.102169626 1.360319268
-0.791215787 -0.678218322 0.759596291 0.393046397 0.238013963
-0.069735352 -0.05095875 0.850317562 0.836248415 0.826054771
0.741930138 0.772668432 0.957689787 1.102169626 1.258657592
1.463410574 1.531149961 1.074973295 0.836248415 1.098249637
0.471374975 0.537213429 0.947448129 0.304405994 0.260759097
-1.332326114 -1.242193545 0.677861249 0.481686801 0.253308295
1.283040465 1.349672785 1.051846969 0.747608012 0.951064505
-1.512696222 -1.446937025 0.638876872 0.836248415 0.506007728
1.373225519 1.4622817 1.076757326 0.393046397 0.451896767
-1.242141059 -1.172394631 0.674887864 0.924888819 0.626207905
1.19285541 1.379453655 1.055415031 0.21576559 0.185083957
0.922300247 0.963452129 0.988084386 1.013529223 1.210055909
1.643780682 1.717280398 1.101403381 0.836248415 1.125986863
0.020449703 0.032799946 0.855933955 1.013529223 1.012806038
0.291004866 0.311995601 0.895579085 1.013529223 1.074860095
-0.340290515 -0.202655056 0.830759298 0.21576559 0.091008601
1.012485301 1.056517348 1.001299429 1.013529223 1.229000968
-1.151956005 -1.070022891 0.695040805 0.747608012 0.515474726
-1.422511168 -1.358525068 0.648457778 0.924888819 0.583942446
-0.069735352 -0.021177881 0.86815787 0.304405994 0.214848442
1.102670356 1.183086045 1.037112196 0.393046397 0.430492998
-1.87343644 -1.82385116 0.582382562 0.924888819 0.419242122
1.19285541 1.242647784 1.027729516 1.013529223 1.26550547
0.020449703 0.037453207 0.859898468 0.924888819 0.931732247
-1.693066331 -1.637720723 0.608812649 0.924888819 0.509782911
-0.881400841 -0.790827236 0.734685934 0.747608012 0.573850399
-0.971585896 -0.864348759 0.733166205 0.393046397 0.216383407
-1.693066331 -1.633067462 0.612446786 0.836248415 0.463761629
0.110634757 0.149131469 0.88665893 0.570327205 0.555953541
-1.602881277 -1.5213892 0.63821612 0.481686801 0.218316633
-0.881400841 -0.765699627 0.749222482 0.304405994 0.137187528
0.110634757 0.164952556 0.894587956 0.304405994 0.2302617
-0.520660624 -0.530244625 0.772679183 1.102169626 0.918119462
1.463410574 1.555346918 1.089972369 0.393046397 0.45821363
1.463410574 1.545109744 1.084884577 0.570327205 0.719948611
0.110634757 0.111905382 0.855933955 1.279450433 1.202701907
-0.971585896 -0.902505498 0.706603968 1.102169626 0.798215214
-0.430475569 -0.409259841 0.807368672 0.570327205 0.478176468
-1.422511168 -1.335258763 0.664646206 0.481686801 0.239571053
-1.151956005 -1.050479195 0.706736118 0.393046397 0.193320217
-1.783251386 -1.72613268 0.599231742 0.836248415 0.441140951
-0.25010546 -0.260355492 0.803073783 1.279450433 1.07336385
-0.520660624 -0.492087885 0.79924142 0.393046397 0.269659126
-0.340290515 -0.339460927 0.803073783 1.013529223 0.918260512
-1.87343644 -1.814544638 0.58932046 0.747608012 0.365562611
-0.610845678 -0.530244625 0.75946414 1.102169626 0.89591364
-1.87343644 -1.795000942 0.601015773 0.393046397 0.101479549
-0.159920406 -0.134717447 0.843776115 0.658967608 0.619462358
0.651745084 0.821062345 0.976124772 0.21576559 0.159570355
0.020449703 0.056066251 0.873443887 0.570327205 0.543502351
1.373225519 1.438084743 1.061758252 0.836248415 1.083276126
-0.069735352 -0.026761794 0.865316636 0.393046397 0.319093285
0.471374975 0.531629516 0.944606894 0.393046397 0.373195949
0.651745084 0.723343866 0.973878215 0.304405994 0.275137982
1.19285541 1.228688002 1.014514473 1.279450433 1.498051231
0.922300247 1.002539521 1.013523344 0.304405994 0.296104769
-0.791215787 -0.697762018 0.747900978 0.747608012 0.593359662
1.012485301 1.042557565 0.988084386 1.279450433 1.450008221
0.922300247 0.982065173 1.002356633 0.658967608 0.778296628
-1.06177095 -0.957413977 0.719951161 0.393046397 0.20510764
1.373225519 1.442738004 1.065062013 0.747608012 0.962846395
-0.159920406 -0.119827012 0.852101593 0.393046397 0.309576504
-0.610845678 -0.502325059 0.780938585 0.570327205 0.449462949
0.741930138 0.777321693 0.9616543 1.013529223 1.171695621
1.553595628 1.62421518 1.088188338 0.836248415 1.112061553
-0.069735352 -0.041652229 0.856991159 0.658967608 0.633108332
0.922300247 0.977411912 0.998986797 0.747608012 0.895899811
1.19285541 1.256607567 1.038631926 0.747608012 0.937446188
-1.332326114 -1.26545985 0.661672821 0.924888819 0.605113896
-1.06177095 -0.995570716 0.693388925 1.102169626 0.772673955
-1.151956005 -1.044895282 0.709577353 0.304405994 0.108012137
0.291004866 0.298035818 0.882364041 1.279450433 1.251419749
-1.422511168 -1.344565285 0.658765512 0.658967608 0.390805174
0.020449703 0.071887338 0.881372913 0.304405994 0.222949184
0.651745084 0.698216257 0.959341668 0.747608012 0.852182359
-0.340290515 -0.300373536 0.828512741 0.304405994 0.189871387
-1.242141059 -1.181701153 0.666958838 1.102169626 0.700657839
0.832115193 0.861080389 0.966279565 1.19081003 1.346288862
1.373225519 1.456697787 1.074312543 0.481686801 0.57993771
-1.512696222 -1.437630504 0.645550469 0.658967608 0.374548377
1.012485301 1.084436913 1.02145237 0.481686801 0.54385636
1.283040465 1.32175322 1.027729516 1.279450433 1.526504774
0.651745084 0.717759953 0.971036981 0.393046397 0.400006664
-0.159920406 -0.114243099 0.854942827 0.304405994 0.206758764
0.922300247 0.986718434 1.005594319 0.570327205 0.657216957
-0.069735352 -0.032345707 0.862871853 0.481686801 0.424745869
-0.610845678 -0.486503972 0.788867611 0.304405994 0.164501602
-1.151956005 -1.083982674 0.684138395 1.013529223 0.705077431
1.102670356 1.158889088 1.022113122 0.836248415 1.038543661
0.291004866 0.335261906 0.913089017 0.570327205 0.578706972
-0.25010546 -0.227782665 0.830561072 0.658967608 0.604444596
1.012485301 1.095604739 1.026738388 0.304405994 0.30199848
1.19285541 1.265914089 1.045239448 0.570327205 0.688851057
0.291004866 0.330608645 0.909851331 0.658967608 0.687968798
0.561560029 0.577231473 0.922009171 1.279450433 1.322053014
-0.069735352 -0.064918533 0.838754399 1.102169626 1.047407736
-1.242141059 -1.163088109 0.681825762 0.747608012 0.496784111
-1.602881277 -1.540002244 0.625661829 0.836248415 0.485657692
0.741930138 0.816409084 0.987093258 0.304405994 0.283233192
-0.069735352 -0.036998968 0.860228844 0.570327205 0.531344324
1.283040465 1.345019525 1.048543209 0.836248415 1.068446432
-1.602881277 -1.526042461 0.635573111 0.570327205 0.287096877
0.651745084 0.707522779 0.965949189 0.570327205 0.624294039
-1.332326114 -1.231025719 0.683147266 0.304405994 0.087919312
-0.159920406 -0.130064186 0.847013801 0.570327205 0.518630392
-1.06177095 -0.951830064 0.722792396 0.304405994 0.117747408
0.832115193 0.90389039 0.997467067 0.393046397 0.407313649
-1.151956005 -1.06536963 0.698410641 0.658967608 0.43983554
1.283040465 1.363632568 1.0610975 0.481686801 0.570996195
-1.06177095 -0.96299789 0.717506378 0.481686801 0.291350527
-0.701030733 -0.579569191 0.775652568 0.304405994 0.155670715
0.200819812 0.214277122 0.878399528 1.102169626 1.122474422
-0.520660624 -0.50697832 0.790915943 0.658967608 0.559222601
-0.971585896 -0.879239194 0.724840727 0.658967608 0.474229811
1.19285541 1.281735176 1.053168474 0.304405994 0.314532642
0.471374975 0.498126038 0.922009171 1.013529223 1.113696083
0.651745084 0.679603214 0.944474744 1.102169626 1.235649716
0.291004866 0.30734234 0.891614572 1.102169626 1.146414339
-1.332326114 -1.251500067 0.671980555 0.658967608 0.406915388
-0.520660624 -0.520938103 0.780608209 0.924888819 0.811440801
0.651745084 0.684256474 0.948439257 1.013529223 1.152285924
-1.332326114 -1.270113111 0.657708308 1.013529223 0.653521979
0.38118992 0.444148211 0.934233086 0.304405994 0.253477003
0.200819812 0.242196687 0.899873974 0.570327205 0.567386954
1.553595628 1.619561919 1.084554201 0.924888819 1.228445062
0.741930138 0.76336191 0.948439257 1.279450433 1.370624274
-0.881400841 -0.80944028 0.719819011 1.102169626 0.824113248
-0.430475569 -0.418566363 0.80076115 0.747608012 0.668990551
-0.971585896 -0.869932672 0.730721422 0.481686801 0.303865329
1.012485301 1.079783652 1.018809362 0.570327205 0.667555151
0.922300247 0.949492347 0.974869343 1.279450433 1.423548749
1.373225519 1.428778221 1.054159602 1.013529223 1.301794247
0.38118992 0.438564298 0.931391851 0.393046397 0.364658226
1.643780682 1.731240181 1.111314664 0.570327205 0.751690574
1.012485301 1.075130391 1.015571676 0.658967608 0.791165439
0.291004866 0.302689079 0.886989306 1.19081003 1.196083582
-0.25010546 -0.241742448 0.820253339 0.924888819 0.876149933
0.832115193 0.909474303 1.000308301 0.304405994 0.289201577
-0.430475569 -0.295720275 0.817544255 0.21576559 0.084240928
-0.520660624 -0.511631581 0.787546107 0.747608012 0.651677256
1.553595628 1.614908658 1.080589688 1.013529223 1.337311393
-1.783251386 -1.701935724 0.614230816 0.393046397 0.11290743
0.651745084 0.71217604 0.968592198 0.481686801 0.506856798
-0.701030733 -0.614003321 0.754178123 0.924888819 0.76097227
0.110634757 0.144478208 0.883421245 0.658967608 0.660527502
0.291004866 0.448801472 0.9232646 0.21576559 0.142768715
0.38118992 0.40971408 0.912758641 0.924888819 1.006306638
-0.701030733 -0.595390278 0.767723542 0.570327205 0.434666443
-1.332326114 -1.236609632 0.680306032 0.393046397 0.171512657
-1.602881277 -1.535348983 0.628965589 0.747608012 0.423780639
0.922300247 0.954145608 0.979494608 1.19081003 1.369553947
-0.701030733 -0.600043539 0.764485857 0.658967608 0.52610885
0.471374975 0.526045603 0.942162112 0.481686801 0.486860772
1.283040465 1.335713003 1.040944559 1.013529223 1.286776484
1.283040465 1.340366264 1.044909072 0.924888819 1.180767124
1.373225519 1.414818438 1.040944559 1.279450433 1.549971756
0.200819812 0.232890166 0.893266452 0.747608012 0.777790504
-1.693066331 -1.62376094 0.619120382 0.658967608 0.341069553
1.012485301 1.047210826 0.992709651 1.19081003 1.391922946
0.561560029 0.624694735 0.957821938 0.393046397 0.381949396
-0.430475569 -0.413913102 0.804130986 0.658967608 0.575150279
1.012485301 1.06582387 1.008898079 0.836248415 1.023025307
1.643780682 1.747061268 1.119243689 0.304405994 0.335878331
1.643780682 1.712627137 1.097769244 0.924888819 1.244389335
-0.791215787 -0.702415279 0.744597217 0.836248415 0.671407774
1.463410574 1.517190178 1.063410132 1.102169626 1.419715486
-1.242141059 -1.177047892 0.670923351 1.013529223 0.680540122
0.741930138 0.768015171 0.953064522 1.19081003 1.32215258
-1.512696222 -1.428323982 0.651232937 0.481686801 0.225604258
0.020449703 0.018840163 0.842718912 1.279450433 1.174287084
1.643780682 1.735893442 1.113957672 0.481686801 0.617023009
0.200819812 0.223583644 0.886328554 0.924888819 0.968806483
0.561560029 0.586537995 0.931259701 1.102169626 1.214442313
-0.340290515 -0.316194623 0.820583715 0.570327205 0.491966258
-0.159920406 -0.162637012 0.820914091 1.19081003 1.069632918
0.110634757 0.139824947 0.880051409 0.747608012 0.762620628
-0.069735352 -0.060265272 0.842718912 1.013529223 0.990287691
-0.520660624 -0.502325059 0.794153629 0.570327205 0.464527728
1.373225519 1.419471699 1.045569824 1.19081003 1.481573178
1.102670356 1.140276044 1.005924695 1.19081003 1.414502137
-0.159920406 -0.144023969 0.837102519 0.836248415 0.808702756
1.102670356 1.163542349 1.025416883 0.747608012 0.923529175
-0.520660624 -0.534897886 0.768053918 1.19081003 0.74547051
0.471374975 0.512085821 0.932911581 0.747608012 0.82270274
-0.971585896 -0.907158759 0.701978703 1.19081003 0.786732019
-0.881400841 -0.814093541 0.715193746 1.19081003 0.840170914
-1.602881277 -1.544655505 0.622027692 0.924888819 0.535650522
0.291004866 0.339915167 0.915732025 0.481686801 0.466626896
-1.06177095 -0.990917456 0.697353438 1.013529223 0.727211345
0.020449703 0.060719512 0.876086896 0.481686801 0.434987264
-0.610845678 -0.497671798 0.783581594 0.481686801 0.355218885
1.102670356 1.16819561 1.028786719 0.658967608 0.803273683
0.922300247 0.996955608 1.01068211 0.393046397 0.414916564
-0.159920406 -0.153330491 0.829503869 1.013529223 0.970200397
-1.06177095 -0.981610934 0.704952087 0.836248415 0.606883945
0.38118992 0.54186669 0.936479643 0.21576559 0.143504392
1.463410574 1.549763005 1.087527586 0.481686801 0.588185033
-0.25010546 -0.246395709 0.816288826 1.013529223 0.943619235
0.832115193 0.86573365 0.97090483 1.102169626 1.278357687
0.38118992 0.419020602 0.919696538 0.747608012 0.807895171
-0.340290515 -0.305957449 0.825671506 0.393046397 0.289876408
-1.242141059 -1.143544414 0.693521075 0.393046397 0.182843738
1.102670356 1.135622783 1.001299429 1.279450433 1.476586617
1.553595628 1.638174962 1.09809962 0.570327205 0.728981394
0.832115193 0.888999955 0.98914159 0.658967608 0.765756935
0.561560029 0.614457561 0.952734146 0.570327205 0.613925422
-0.340290515 -0.325501144 0.813976193 0.747608012 0.685322021
-1.783251386 -1.707519637 0.611786033 0.481686801 0.186217895
-1.06177095 -0.976957673 0.708255848 0.747608012 0.534289797
-1.422511168 -1.32967485 0.667090989 0.393046397 0.159965851
0.922300247 0.958798868 0.984119873 1.102169626 1.299130876
-1.242141059 -1.153781588 0.688433284 0.570327205 0.345826561
-0.069735352 0.076540599 0.870404427 0.21576559 0.111200992
0.110634757 0.130518425 0.873113511 0.924888819 0.950185011
0.200819812 0.2049706 0.869148998 1.279450433 1.227109228
0.471374975 0.521392342 0.939519103 0.570327205 0.602547324
-0.340290515 -0.330154405 0.810672432 0.836248415 0.77385491
-0.791215787 -0.716375061 0.733034054 1.102169626 0.850135739
1.283040465 1.369216481 1.063542283 0.393046397 0.444592548
-1.242141059 -1.1379605 0.696362309 0.304405994 0.097555018
0.291004866 0.316648862 0.899543597 0.924888819 0.987466675
-0.791215787 -0.672634409 0.762437525 0.304405994 0.146131809
1.373225519 1.452044526 1.071669534 0.570327205 0.709657434
0.651745084 0.670296692 0.935224214 1.279450433 1.347453222
-0.430475569 -0.40460658 0.81001168 0.481686801 0.378558645
0.561560029 0.630278648 0.960663172 0.304405994 0.267889077
1.643780682 1.698667354 1.085214953 1.19081003 1.544993492
0.741930138 0.805241258 0.981807241 0.481686801 0.524761953
-1.512696222 -1.456243547 0.631278222 1.013529223 0.585659947
-0.430475569 -0.432526146 0.78985874 1.013529223 0.90753512
-0.430475569 -0.446485928 0.776643696 1.279450433 1.008076687
1.373225519 1.467865613 1.07959856 0.304405994 0.322420424
-1.512696222 -1.442283764 0.642180633 0.747608012 0.4418628
-0.971585896 -0.874585933 0.728078413 0.570327205 0.394079765
-1.87343644 -1.816405942 0.586016699 0.836248415 0.415519487
1.373225519 1.42412496 1.050195089 1.102169626 1.399600535
1.283040465 1.331059742 1.036980046 1.102169626 1.380055318
-0.159920406 -0.157983751 0.825539356 1.102169626 1.021039533
-1.151956005 -1.056063108 0.704291335 0.481686801 0.2781443
-1.242141059 -1.16774137 0.678522001 0.836248415 0.565976446
-1.06177095 -0.972304412 0.711625684 0.658967608 0.456565272
1.19285541 1.251954306 1.035328166 0.836248415 1.053279322
-0.610845678 -0.520938103 0.767393166 0.924888819 0.7858304
0.110634757 0.125865164 0.869148998 1.013529223 1.03353774
-0.610845678 -0.525591364 0.763428653 1.013529223 0.84218158
-0.25010546 -0.25104897 0.812324313 1.102169626 0.992724275
1.463410574 1.521843439 1.067374645 1.013529223 1.319657916
-0.159920406 -0.167290273 0.816288826 1.279450433 1.110277676
1.643780682 1.844779747 1.121490247 0.21576559 0.196843722
-0.971585896 -0.897852237 0.710568481 1.013529223 0.74974352
1.643780682 1.721933659 1.104707142 0.747608012 1.000454412
0.020449703 0.05141299 0.870206202 0.658967608 0.646762603
-0.430475569 -0.399022667 0.812456463 0.393046397 0.280318142
0.020449703 0.023493424 0.847344177 1.19081003 1.116481145
-0.701030733 -0.618656582 0.75021361 1.013529223 0.817519814
-0.520660624 -0.486503972 0.802082654 0.304405994 0.172721268
-1.422511168 -1.353871807 0.652091915 0.836248415 0.52551699
1.102670356 1.144929305 1.01054996 1.102169626 1.340032844
1.102670356 1.149582566 1.014514473 1.013529223 1.247257368
0.200819812 0.252433861 0.904961765 0.393046397 0.34694667
-0.25010546 -0.21289223 0.83888655 0.393046397 0.30006802
-1.422511168 -1.363178329 0.644493265 1.013529223 0.628448124
0.38118992 0.400407559 0.904829615 1.102169626 1.167403252
1.463410574 1.65864931 1.09506016 0.21576559 0.195718081
0.651745084 0.702869518 0.962711504 0.658967608 0.740766051
1.553595628 1.62886844 1.091492099 0.747608012 0.989524358
1.19285541 1.247301045 1.031694029 0.924888819 1.164701161
0.651745084 0.674949953 0.939849479 1.19081003 1.298461576
-1.422511168 -1.339912024 0.662003197 0.570327205 0.316739672
-1.422511168 -1.349218546 0.655395676 0.747608012 0.460088776
0.020449703 0.066303425 0.878531679 0.393046397 0.328618363
-1.06177095 -0.986264195 0.701317951 0.924888819 0.669250527
-0.25010546 -0.237089187 0.823887476 0.836248415 0.791137782
-0.881400841 -0.800133758 0.727748037 0.924888819 0.713316458
1.012485301 1.07047713 1.01220184 0.747608012 0.909313466
-0.25010546 -0.223129404 0.833798758 0.570327205 0.505031435
-1.422511168 -1.324090937 0.669932223 0.304405994 0.078444016
0.38118992 0.391101037 0.895579085 1.279450433 1.275271164
-1.693066331 -1.619107679 0.622358068 0.570327205 0.272258886
-0.610845678 -0.539551147 0.75021361 1.279450433 0.918373906
1.643780682 1.72658692 1.108076978 0.658967608 0.870593637
1.553595628 1.751714529 1.108275204 0.21576559 0.19640121
1.373225519 1.565584092 1.081845117 0.21576559 0.19335064
1.19285541 1.276151263 1.050327239 0.393046397 0.437979754
-0.791215787 -0.688455496 0.754508499 0.570327205 0.422630107
1.283040465 1.374800394 1.066383517 0.304405994 0.318977125
-0.520660624 -0.516284842 0.784242346 0.836248415 0.738921327
1.012485301 1.090020826 1.023897153 0.393046397 0.422395023
-1.602881277 -1.515805287 0.640660903 0.393046397 0.135879351
0.200819812 0.258017774 0.907802999 0.304405994 0.238296064
-0.971585896 -0.858764846 0.736007439 0.304405994 0.127380349
-0.25010546 -0.218476143 0.836441767 0.481686801 0.404965568
0.110634757 0.116558643 0.86055922 1.19081003 1.142105375
-0.430475569 -0.427872885 0.793823252 0.924888819 0.835856419
-0.701030733 -0.623309843 0.746249097 1.102169626 0.872822793
-1.783251386 -1.721479419 0.602535503 0.747608012 0.38506081
-0.520660624 -0.539551147 0.763428653 1.279450433 0.969531097
-1.602881277 -1.549308766 0.618063179 1.013529223 0.538620886
-0.791215787 -0.711721801 0.736998567 1.013529223 0.794509173
-0.159920406 -0.14867723 0.833468382 0.924888819 0.894508663
0.020449703 0.169605817 0.88361947 0.21576559 0.117841442
0.110634757 0.159368643 0.891746722 0.393046397 0.337490735
0.832115193 1.007192782 1.002554859 0.21576559 0.17010768
1.102670356 1.177502132 1.034667413 0.481686801 0.553533552
-0.069735352 -0.055612011 0.846683425 0.924888819 0.913036101
-0.881400841 -0.77128354 0.746381248 0.393046397 0.2271088
0.200819812 0.355736254 0.910049557 0.21576559 0.131238503
1.102670356 1.172848871 1.032024405 0.570327205 0.678800496
-0.881400841 -0.786173975 0.73805577 0.658967608 0.491556934
0.291004866 0.351082993 0.921018043 0.304405994 0.246183847
-0.340290515 -0.311541362 0.823226723 0.481686801 0.390155234
1.463410574 1.512536918 1.058784867 1.19081003 1.502293818
0.832115193 0.884346694 0.985771754 0.747608012 0.880705044
0.561560029 0.581884734 0.926634436 1.19081003 1.275782819
1.463410574 1.535803222 1.078277056 0.747608012 0.976896162
-0.701030733 -0.60935006 0.75781226 0.836248415 0.695502571
1.102670356 1.286388437 1.042199988 0.21576559 0.181223037
-0.340290515 -0.348767449 0.794484005 1.19081003 1.023180186
-1.332326114 -1.260806589 0.665306958 0.836248415 0.54551025
-0.159920406 -0.139370708 0.840406279 0.747608012 0.716469358
-0.610845678 -0.50697832 0.7777009 0.658967608 0.542669874
-0.520660624 -0.525591364 0.776643696 1.013529223 0.867056304
1.553595628 1.648412136 1.103187412 0.393046397 0.463667595
0.561560029 0.605151039 0.946126624 0.747608012 0.837634766
-0.520660624 -0.388785493 0.804329212 0.21576559 0.076101467
1.553595628 1.610255397 1.076625175 1.102169626 1.439446004
-0.701030733 -0.585153104 0.772811334 0.393046397 0.248681276
0.38118992 0.428327124 0.92630406 0.570327205 0.591141569
0.922300247 0.991371695 1.008237327 0.481686801 0.535288215
1.553595628 1.600948875 1.067374645 1.279450433 1.619379815
1.19285541 1.233341263 1.019139738 1.19081003 1.438544386
0.561560029 0.727997127 0.962909729 0.21576559 0.154191065
-1.332326114 -1.274766371 0.653743795 1.102169626 0.651491954
-0.430475569 -0.423219624 0.797457389 0.836248415 0.756491833
-0.25010546 -0.255702231 0.807699048 1.19081003 1.046351238
0.291004866 0.34549908 0.918176808 0.393046397 0.355813511
0.38118992 0.395754298 0.90020435 1.19081003 1.223436376
-0.610845678 -0.516284842 0.771027303 0.836248415 0.718668091
0.561560029 0.6098043 0.94949646 0.658967608 0.727214111
0.832115193 0.893653216 0.992379275 0.570327205 0.646604958
0.110634757 0.15378473 0.889301939 0.481686801 0.445873068
-1.332326114 -1.246846806 0.67521824 0.570327205 0.331101963
0.110634757 0.121211904 0.865184485 1.102169626 1.099137428
0.38118992 0.423673863 0.923066374 0.658967608 0.700939941
-0.430475569 -0.393438754 0.815297698 0.304405994 0.181372385
-0.881400841 -0.776867453 0.743936465 0.481686801 0.315838053
1.463410574 1.540456483 1.081646892 0.658967608 0.848833093
-1.06177095 -0.967651151 0.71486337 0.570327205 0.375339368
1.463410574 1.507883657 1.054159602 1.279450433 1.57500136
-0.520660624 -0.497671798 0.796796637 0.481686801 0.366909508
-1.242141059 -1.149128327 0.691076292 0.481686801 0.265325271
-0.069735352 -0.074225055 0.829503869 1.279450433 1.139038211
1.283040465 1.358979307 1.058454491 0.570327205 0.698970761
-1.512696222 -1.432977243 0.648788154 0.570327205 0.302731391
0.832115193 0.870386911 0.974869343 1.013529223 1.191287855
0.741930138 0.914127564 0.989339815 0.21576559 0.164910926
1.553595628 1.605602136 1.07199991 1.19081003 1.524884073
0.200819812 0.218930383 0.882364041 1.013529223 1.05463175
0.922300247 0.972758651 0.995683036 0.836248415 1.008090516
-0.701030733 -0.590737017 0.770366551 0.481686801 0.342319651
0.471374975 0.488819516 0.913419393 1.19081003 1.249898613
-0.069735352 -0.069571794 0.834129134 1.19081003 1.093343282
-0.701030733 -0.627963104 0.741623832 1.19081003 0.913517333
-0.971585896 -0.893198976 0.714532994 0.924888819 0.690834066
-1.693066331 -1.608870505 0.62744586 0.393046397 0.124376796
1.283040465 1.326406481 1.032354781 1.19081003 1.460852538
-1.693066331 -1.628414201 0.615750546 0.747608012 0.404852174
0.561560029 0.591191256 0.935224214 1.013529223 1.133227471
1.19285541 1.261260828 1.042001762 0.658967608 0.814828786
-1.693066331 -1.614454418 0.625001077 0.481686801 0.199352214
0.110634757 0.262671035 0.896834514 0.21576559 0.124752932
-1.783251386 -1.730785941 0.595597606 0.924888819 0.460763608
1.373225519 1.433431482 1.058124115 0.924888819 1.196974138
0.291004866 0.325955384 0.906481495 0.747608012 0.792595307
0.38118992 0.432980385 0.928947068 0.481686801 0.476843399
-1.512696222 -1.451590286 0.635242735 0.924888819 0.559275149
-0.340290515 -0.344114188 0.79910927 1.102169626 0.967827425
0.38118992 0.405060819 0.908794128 1.013529223 1.094349997
1.643780682 1.694014093 1.080589688 1.279450433 1.621080722
0.741930138 0.795934736 0.975926547 0.658967608 0.759926835
0.741930138 0.800587997 0.979164232 0.570327205 0.635638949
-1.512696222 -1.422740069 0.653875946 0.393046397 0.148001423
1.553595628 1.633521701 1.094861935 0.658967608 0.860042484
0.471374975 0.493472777 0.918044658 1.102169626 1.191738664
-1.87343644 -1.800584855 0.59857099 0.481686801 0.172594046
0.471374975 0.516739081 0.936281417 0.658967608 0.714032774
1.012485301 1.051864087 0.997334917 1.102169626 1.319577711
1.373225519 1.447391265 1.068431849 0.658967608 0.83727799
-0.25010546 -0.207308317 0.841727784 0.304405994 0.19855016
-1.602881277 -1.530695722 0.632335425 0.658967608 0.357569732
-0.791215787 -0.693108757 0.751270814 0.658967608 0.508090301
1.553595628 1.642828223 1.100742629 0.481686801 0.596930183
-1.783251386 -1.712172898 0.609143025 0.570327205 0.256530338
-0.791215787 -0.70706854 0.74096308 0.924888819 0.736603669
0.200819812 0.237543426 0.896636288 0.658967608 0.674303464
0.471374975 0.484166255 0.908794128 1.279450433 1.299576154
1.19285541 1.27056735 1.047882457 0.481686801 0.562123823
1.012485301 1.193323219 1.028984945 0.21576559 0.177658047
0.741930138 0.810825171 0.984252024 0.393046397 0.398784224
-0.791215787 -0.721028322 0.728408789 1.19081003 0.877452578
1.283040465 1.354326046 1.055216805 0.658967608 0.825554179
1.643780682 1.707973876 1.093804731 1.013529223 1.354574905
-0.791215787 -0.683802235 0.757151508 0.481686801 0.32896131
-1.783251386 -1.716826159 0.605905339 0.658967608 0.323418843
-0.881400841 -0.804787019 0.723783524 1.013529223 0.772187192
-0.610845678 -0.511631581 0.774331064 0.747608012 0.634159299
1.283040465 1.472518874 1.068630074 0.21576559 0.188527256
-0.701030733 -0.632616365 0.736998567 1.279450433 0.882594018
1.553595628 1.653996049 1.106028646 0.304405994 0.329312554
0.020449703 0.046759729 0.866836366 0.747608012 0.747464581
-0.881400841 -0.781520714 0.741293456 0.570327205 0.405430206
1.643780682 1.741477355 1.116402455 0.393046397 0.467669566
-1.151956005 -1.088635935 0.680173882 1.102169626 0.745650281
0.471374975 0.634931909 0.949694686 0.21576559 0.148925168
-0.610845678 -0.534897886 0.754838875 1.19081003 0.94076503
0.832115193 0.898306477 0.995022284 0.481686801 0.525464442
-0.971585896 -0.888545715 0.718167131 0.836248415 0.628088583
-1.151956005 -1.079329413 0.688102907 0.924888819 0.648159283
-1.332326114 -1.256153328 0.668610719 0.747608012 0.478181999
-0.159920406 -0.01652462 0.857189384 0.21576559 0.104256314
-0.340290515 -0.35342071 0.78985874 1.279450433 1.038095617
-0.430475569 -0.441832667 0.781268961 1.19081003 1.000086574
-0.701030733 -0.604696799 0.761116021 0.747608012 0.613673743
0.200819812 0.209623861 0.873774263 1.19081003 1.170481478
0.020449703 0.028146685 0.851969442 1.102169626 1.073983367
-0.610845678 -0.492087885 0.786026377 0.393046397 0.25933476
0.832115193 0.856427128 0.9616543 1.279450433 1.3970229
-0.430475569 -0.437179406 0.785894227 1.102169626 0.942228086
0.020449703 0.042106468 0.863532605 0.836248415 0.84369995
-0.159920406 -0.125410925 0.84965681 0.481686801 0.41306631